estado	ano	pib	pib_d	abertura	desp_cor	pop
1	2010	240008969.7	219192616.3	1731042489	17486220084	2570160
1	2011	241601266.1	240008969.7	1439966628	18728957840	2646179
1	2012	242351097	241601266.1	1400637790	19291797535	2722198
1	2013	245287574.5	242351097	1615318583	20441919304	2763488
1	2014	258725156	245287574.5	1608379547	21280664280	2805774
1	2015	255301787.9	258725156	1490383531	28432022511	2848633
1	2016	262397538.5	255301787.9	1655475389	25801346173	2890224
1	2017	264821344.1	262397538.5	1316598487	20060235717	2931057
1	2018	265790020.2	264821344.1	1240444577	22016273112	2972209
1	2019	273613711	265790020.2	1269903404	21658420728	3012718
2	2010	257064728.4	243203511.6	15568279063	34909950542	14016906
2	2011	260410971.8	257064728.4	18677361432	36433639241	14219716
2	2012	269630059.1	260410971.8	18704569659	38401871323	14422526
2	2013	285638623.8	269630059.1	18485372352	40201480587	14485978
2	2014	293449380.4	285638623.8	18527570705	42083671918	14546705
2	2015	290150092.6	293449380.4	16066958488	41761391473	14609867
2	2016	288241724.8	290150092.6	12896882899	42372342486	14670485
2	2017	290794461.8	288241724.8	15235247948	44578901116	14730620
2	2018	298565449.6	290794461.8	16798852013	43832807187	14793319
2	2019	293240504	298565449.6	15085954483	44206469254	14853512
3	2010	55805437	53298598.39	899004409	8865275492	3766528
3	2011	58003979.79	55805437	1231104478	8777515642	3810856
3	2012	62748410.47	58003979.79	841334473	9488045985	3855184
3	2013	64669358.83	62748410.47	829211844	9851801070	3870182
3	2014	69370698.42	64669358.83	832192126	10073413500	3889589
3	2015	66476205.06	69370698.42	709176695	9548293433	3911887
3	2016	65844213.65	66476205.06	434409588	9303209593	3932871
3	2017	67521437.68	65844213.65	546943943	9363452194	3953448
3	2018	67145619.6	67521437.68	661037519	9744973650	3975329
3	2019	67986074	67145619.6	698727341	9715878366	3996784
4	2010	45168809.13	42635463.98	1219707557	7033015374	3120494
4	2011	49482438.99	45168809.13	1824022414	8400468060	3172333
4	2012	51173024.72	49482438.99	1444012858	7394000238	3224172
4	2013	51987444.25	51173024.72	1239031364	7645760054	3240801
4	2014	53695746.12	51987444.25	1213413101	8184844607	3256780
4	2015	54902252.6	53695746.12	1294218232	7876132962	3272460
4	2016	55109422.56	54902252.6	1000607995	9865092914	3286849
4	2017	57191737.39	55109422.56	1267538056	10168265912	3300736
4	2018	56756155.3	57191737.39	1093814144	8847583739	3315564
4	2019	58963729	56756155.3	984909417	7628598083	3330079
5	2010	177741934.9	163729654.9	8196963256	20062628713	6003788
5	2011	189594615.3	177741934.9	11339639582	17064112598	6159866
5	2012	204922835.6	189594615.3	12452021130	19419264357	6315944
5	2013	210975747.2	204922835.6	11882411181	20485162819	6417228
5	2014	216244586.2	210975747.2	11395109622	21021236646	6520487
5	2015	205593832.9	216244586.2	9233980108	19602922548	6625151
5	2016	202484773.6	205593832.9	8572225595	19877553592	6725748
5	2017	207713059.5	202484773.6	10156563177	21319994210	6824117
5	2018	204108075.7	207713059.5	11162014608	22291542351	6923260
5	2019	208672492	204108075.7	10782033903	26492305833	7020504
6	2010	584520857.9	506786254	41131810696		19597330
6	2011	625420749	584520857.9	54356981155		19911240
6	2012	653180112	625420749	45159262694		20225150
6	2013	680483013.6	653180112	45711003118	31295738959	20361190
6	2014	677023826.8	680483013.6	40298550025	83092144753	20498406
6	2015	614927075.1	677023826.8	30804249364	83566162255	20638664
6	2016	606932573.7	614927075.1	28476564889	81907643381	20769869
6	2017	623713402.2	606932573.7	32767341495	86237090838	20898151
6	2018	641353305.1	623713402.2	33498802831	84225081128	21030104
6	2019	651872684	641353305.1	34349773497	83707889851	21158152
7	2010	161793372.3	140624881.7	4383086270	26365388108	8796448
7	2011	172189637.3	161793372.3	6750733528	28422065455	8933827
7	2012	189019088.6	172189637.3	7931706692	30273269514	9071206
7	2013	196822507.8	189019088.6	7661748368	7280173823	9133857
7	2014	203306930	196822507.8	8275652619	33529647713	9196374
7	2015	185856745.8	203306930	6123314606	6153994565	9261237
7	2016	186426576.5	185856745.8	5868829285	29975095281	9320464
7	2017	196525131.4	186426576.5	7665968704	32217370547	9377552
7	2018	194376573.6	196525131.4	8878554765	32604410511	9439033
7	2019	197853378	194376573.6	7685873741	34360662495	9499409
8	2010	39799847.87	34776753.78	669237525	6450920196	1562409
8	2011	43101060.35	39799847.87	892233850	6983295423	1595241.5
8	2012	44471610.67	43101060.35	1468647679	7398278785	1628074
8	2013	43396270.76	44471610.67	1656358779	3401508807	1647705
8	2014	44595954.54	43396270.76	1710081257	7579232663	1667748
8	2015	43293726.34	44595954.54	1623158148	2735762980	1688138
8	2016	43959833.11	43293726.34	1421039099	6236769617	1707684
8	2017	47090138.25	43959833.11	1843362728	6550422059	1727248
8	2018	46848041.99	47090138.25	2139014309	6621689014	1747154
8	2019	47091336	46848041.99	2279326275	6671925835	1766689
9	2010	11052300.86	10000140.84	18962042		450479
9	2011	11416184.89	11052300.86	22273002	3039522289	438641.5
9	2012	11388587.88	11416184.89	20850334	2937390164	426804
9	2013	12564720.69	11388587.88	16075295	21965706359	436505
9	2014	12769200.19	12564720.69	29542632	2732173173	446318
9	2015	12128367.13	12769200.19	21266822	23339016507	456542
9	2016	12269023.21	12128367.13	22054493	3158382448	467919
9	2017	13098871.56	12269023.21	49896474	3049293853	486747
9	2018	13945719.95	13098871.56	26470550	2802660239	513466
9	2019	14292227	13945719.95	166990150	3292165901	539741
10	2010	255910181.1	227610934.8	19197203691	18931855868	6248436
10	2011	272080038.7	255910181.1	23606190648	20511982526	6384058.5
10	2012	283249639.8	272080038.7	23340325296	22394494451	6519681
10	2013	299119816.2	283249639.8	23382853546	2.16082E+11	6608855
10	2014	317854451.2	299119816.2	24983052324	23653319892	6698752
10	2015	294928962.3	317854451.2	20231931855	2.16551E+11	6790833
10	2016	286031163.5	294928962.3	17891941910	23610761122	6882511
10	2017	300042505.9	286031163.5	21030466789	24084209743	6973130
10	2018	311069200.7	300042505.9	24702945541	24886333260	7063804
10	2019	323263857	311069200.7	25854886104	24930219291	7153029
11	2010	2155301443	1987155620	1.19991E+11	1.89047E+11	41262199
11	2011	2245612308	2155301443	1.41957E+11	1.96505E+11	42188177.5
11	2012	2302439911	2245612308	1.36614E+11	2.09758E+11	43114156
11	2013	2391760000	2302439911	1.45212E+11	8537893030	43522921
11	2014	2435075978	2391760000	1.35684E+11	2.22986E+11	43931869
11	2015	2296989235	2435075978	1.08904E+11	7798967715	44350313
11	2016	2271227037	2296989235	97815823284	2.10089E+11	44754215
11	2017	2294940280	2271227037	1.08755E+11	2.16291E+11	45143417
11	2018	2305752098	2294940280	1.17564E+11	2.18822E+11	45532653
11	2019	2348338000	2305752098	1.12661E+11	2.23251E+11	45912673
12	2010	43956654.32	38271587.45	248332567	8804337562	2068017
12	2011	45498110.63	43956654.32	431175201	8350421295	2110001
12	2012	48518827.75	45498110.63	411309614	8626348259	2151985
12	2013	49273148.88	48518827.75	371924212	5421039242	2173287
12	2014	49105808.17	49273148.88	307863690	8644917921	2194668
12	2015	45653820.96	49105808.17	310058143	5219741309	2216309
12	2016	43310444.44	45653820.96	259244606	7672305192	2236783
12	2017	44055129.79	43310444.44	228877863	8313297969	2256916
12	2018	43827338.97	44055129.79	266335164	8231489280	2277956
12	2019	44689483	43827338.97	756715900	8542231174	2298549
13	2010	13887655.55	13060574.72	23691599	4533825412	733559
13	2011	13988543.81	13887655.55	23754149	4722459269	755510
13	2012	14972073.38	13988543.81	14005943	5115038084	777461
13	2013	15999459.05	14972073.38	13506157	3754652916	790155
13	2014	17636972.22	15999459.05	16922110	5733465124	803127
13	2015	16130418.47	17636972.22	22458480	3565539774	816230
13	2016	15322569.54	16130418.47	14375893	5237109551	828436
13	2017	15445180.95	15322569.54	23669713	5752602939	840491
13	2018	15991304.4	15445180.95	42564739	6077178373	853023
13	2019	15630017	15991304.4	34812858	5720339556	865422
14	2010	13713591.16	13206619.38	399691310	3665434152	669526
14	2011	14707231.56	13713591.16	670423114	3471683038	695443.5
14	2012	16438489.39	14707231.56	567987074	3756941277	721361
14	2013	17797639.66	16438489.39	506029743	15557963900	737941
14	2014	17560423.5	17797639.66	526633821	4198738257	755067
14	2015	16412809.68	17560423.5	297517853	15016613555	772106
14	2016	15977499.37	16412809.68	313624524	3388909159	788892
14	2017	16753440.69	15977499.37	375819809	3344011000	805344
14	2018	17518434.08	16753440.69	450900171	3185238854	821545
14	2019	17496661	17518434.08	383641014	3783139793	837575
15	2010	101343135.6	89140999.53	12234677794	12590713145	3483985
15	2011	110562440.9	101343135.6	13595832300	13039080546	3512314
15	2012	106690769.6	110562440.9	14378419811	16635716892	3540643
15	2013	115808167	106690769.6	15322580136	20709745718	3605007
15	2014	113575062.5	115808167	14060040974	16318162809	3670689
15	2015	102503217.3	113575062.5	9768692284	21181600955	3736140
15	2016	99192558.2	102503217.3	6841362610	14509353604	3798072
15	2017	100898029.5	99192558.2	9383888718	14308348790	3859229
15	2018	104420090.4	100898029.5	10671858647	15777504333	3921508
15	2019	108181091	104420090.4	10895211913	16615199190	3983005
16	2010	132072425.8	118478844.6	3452720152	19908558063	8452381
16	2011	140200376.9	132072425.8	3803360617	20431297764	8593593.5
16	2012	143214528.2	140200376.9	4142633855	19723042034	8734806
16	2013	152042579.4	143214528.2	4726605462	14677625667	8789334
16	2014	165188283.5	152042579.4	4483076250	22236038309	8843725
16	2015	154675530.7	165188283.5	3717616705	14700339328	8901925
16	2016	154206172.4	154675530.7	4784891627	21881326086	8959457
16	2017	160070363.9	154206172.4	4347784531	22134585350	9015354
16	2018	162617280.1	160070363.9	4876125820	23419202577	9072980
16	2019	163575327	162617280.1	4632735016	23699837355	9129378
17	2010	142017417.3	122032159.6	18878453220	15428037966	3514952
17	2011	165647685.1	142017417.3	25333856554	16464572065	3600538
17	2012	172569384.1	165647685.1	20269453481	13652618264	3686124
17	2013	163529506.7	172569384.1	17823722202	14052113651	3733092
17	2014	168764910.8	163529506.7	18623964040	15986175672	3780994
17	2015	142522340.6	168764910.8	14418861511	14472145136	3829385
17	2016	121723317.3	142522340.6	9516515620	13819275224	3875864
17	2017	122713500.1	121723317.3	12232664855	13792324743	3921759
17	2018	142920346.3	122713500.1	13588124794	14516284091	3968734
17	2019	137345595	142920346.3	12878860047	14530235712	4014926
18	2010	77092398.35	72276673.23	6736237503	12045287207	6574789
18	2011	81503715.65	77092398.35	9330876618	12731448099	6670364.5
18	2012	89334094.59	81503715.65	10084420543	13698080348	6765940
18	2013	94394937.11	89334094.59	9175916802	13285154960	6803063
18	2014	100697757.9	94394937.11	9865475251	11595232383	6841945
18	2015	92921457.92	100697757.9	6672085123	14501128855	6882640
18	2016	95037529.51	92921457.92	4311872229	15122372472	6921259
18	2017	96896924.4	95037529.51	5591888505	16064443391	6960070
18	2018	102407254	96896924.4	6922362489	16657456931	7000726
18	2019	97339938	102407254	7095432329	13972018160	7040610
19	2010	94224529.27	92902664.64	9445692663	14022128992	3035122
19	2011	108092104.8	94224529.27	12694737043	14236692745	3085670.5
19	2012	117653323.7	108092104.8	15468317488	14904922470	3136219
19	2013	124400135.3	117653323.7	17549929771	13051675650	3176443
19	2014	132662937.9	124400135.3	16562958053	14468204359	3219155
19	2015	127191339.7	132662937.9	14395459540	14226981084	3263522
19	2016	138005767.7	127191339.7	13773480717	15463559087	3305274
19	2017	137263781	138005767.7	16132334411	15131275146	3346410
19	2018	143361350.6	137263781	18029335990	15244377939	3388919
19	2019	142122028	143361350.6	19219143444	15652266182	3430698
20	2010	78692228.95	69672906.81	6288924952	10785747146	2449024
20	2011	86176695.9	78692228.95	8314782936	11808489865	2471041.5
20	2012	91583454.81	86176695.9	9373638445	12366486835	2493059
20	2013	96498216.47	91583454.81	10982843398	20530304049	2523936
20	2014	103460327.5	96498216.47	10453919495	13818492034	2555315
20	2015	98375971.36	103460327.5	8156557087	22222302422	2587251
20	2016	102370318.3	98375971.36	6374446202	11670581568	2618029
20	2017	104313495.5	102370318.3	7311777181	12447801586	2648371
20	2018	111575395.4	104313495.5	8524840368	12804389708	2679112
20	2019	106943246	111575395.4	7649706530	13134527000	2709334
21	2010	137646260.3	108720444.8	13981702256	16758825897	7581051
21	2011	154291260.8	137646260.3	19680761222	16947699271	7750786.5
21	2012	158141119.4	154291260.8	16145989721	19526916494	7920522
21	2013	169038156.6	158141119.4	16970131018	38525517575	8014493
21	2014	163262539.5	169038156.6	15233347187	21721016827	8109173
21	2015	154994823.6	163262539.5	11225030524	29897110603	8204007
21	2016	153855246.6	154994823.6	11622159071	22058911069	8293480
21	2017	167981677.3	153855246.6	15459765003	22331277098	8381474
21	2018	168297560.5	167981677.3	16758236763	23325347856	8472029
21	2019	178376984	168297560.5	19066784923	23877838660	8561098
22	2010	374902846.4	346754670	27995544250	32061342290	10444526
22	2011	401898726.3	374902846.4	36093462258	34570037296	10626665
22	2012	421814782	401898726.3	37116686180	37139944789	10808804
22	2013	465012252.7	421814782	37525428841	7572312575	10894879
22	2014	456147482.2	465012252.7	33570003781	39839775358	10984606
22	2015	446352231	456147482.2	27323138924	38443115312	11075678
22	2016	447631092	446352231	26181756945	50605842293	11162815
22	2017	456115587.8	447631092	30613542556	52492541853	11248537
22	2018	458977736.3	456115587.8	32203496031	47102896044	11335547
22	2019	466377036	458977736.3	30821624298	46250274973	11420565
23	2010	37071814.1	33404089.12	319088331	6586245543	3118360
23	2011	40548025.6	37071814.1	321743283	6689717666	3165497.5
23	2012	42293222.86	40548025.6	396284604	6799382165	3212635
23	2013	43622417.54	42293222.86	359425976	81924107731	3220646
23	2014	49434816.7	43622417.54	502481052	7880152045	3228556
23	2015	46356162.12	49434816.7	513581044	7905227405	3237691
23	2016	46139510.24	46356162.12	267695054	8364396017	3246228
23	2017	49091423.4	46139510.24	745101516	8825445461	3254626
23	2018	52547789.06	49091423.4	842868562	8761317611	3263754
23	2019	52780785	52547789.06	830956396	9957146615	3272447
24	2010	748886088.6	690511453.2	38455558544	70944422910	15989929
24	2011	801489379.8	748886088.6	49006993340	75589898049	16250040.5
24	2012	849012002.2	801489379.8	48400512632	79299754563	16510152
24	2013	876009986.8	849012002.2	40668820698	11418673174	16615861
24	2014	879413718.5	876009986.8	41568753319	80994803987	16725692
24	2015	780469915.3	879413718.5	31428121840	60031938844	16840638
24	2016	713423061.8	780469915.3	25496477899	51647901518	16947230
24	2017	726764797.3	713423061.8	33187815514	59124711788	17050949
24	2018	791536668.1	726764797.3	47967965892	59626563210	17159435
24	2019	779927917	791536668.1	48090695309	60630929358	17264410
25	2010	60236928.29	54551527.06	601494560	10121555858	3168027
25	2011	64074591.47	60236928.29	523892121	10340449379	3235373.5
25	2012	68543314.74	64074591.47	481832521	11073817495	3302720
25	2013	71838284.12	68543314.74	513887962	58730248933	3332952
25	2014	70793981.2	71838284.12	565040887	11928628882	3363084
25	2015	67789316.93	70793981.2	565772775	11510104601	3393814
25	2016	66482113.37	67789316.93	469140953	9485566942	3422843
25	2017	69587461.28	66482113.37	481328156	9984652288	3450669
25	2018	69853372.88	69587461.28	444134085	8860348668	3479010
25	2019	71336780	69853372.88	563151426	10682614297	3506853
26	2010	401611402.4	360276302.3	26089700211	47964795130	10693929
26	2011	414300310.9	401611402.4	32735695872	49852701827	10844731.5
26	2012	424719452.2	414300310.9	32187123880	54268677956	10995534
26	2013	463355089.7	424719452.2	36965177927	7816111399	11047661
26	2014	468901102.4	463355089.7	33528856347	61871567967	11100998
26	2015	452307866.3	468901102.4	27085341501	58025754571	11157010
26	2016	455401823.1	452307866.3	24480319555	57790007557	11211227
26	2017	458033314.1	455401823.1	27692800823	60174135412	11261515
26	2018	476985729.2	458033314.1	29511541785	62067109578	11310970
26	2019	482464177	476985729.2	27592817157	63929981745	11358646
27	2010	27309363.69	24136207.94	581783292	6168031469	1383445
27	2011	28675496.17	27309363.69	645927190	6922066133	1410459.5
27	2012	30547553.26	28675496.17	766251059	7264379908	1437474
27	2013	33182494.87	30547553.26	887009387		1455039
27	2014	34319840.02	33182494.87	1096585997	8045486884	1472751
27	2015	34255632.59	34319840.02	1044166280	7879121403	1490782
27	2016	35186279.98	34255632.59	749745850	8111468377	1507623
27	2017	36909440.79	35186279.98	1167174092	8316795727	1524403
27	2018	37202022.92	36909440.79	1433971661	7811200319	1542150
27	2019	39355941	37202022.92	1285762316	7760100972	1559657
